7 7013 5712 1459 9444 2204 5828 6365
6 8773 482 8785 4301 8356 1350
6 6252 2784 8192 1654 8276 3927
7 719 7846 1627 2343 8624 9914 4779
7 1178 328 7380 8038 7972 2820 7069
8 3696 1251 4666 5298 7749 7720 3548 2836
7 6031 9463 3614 9533 393 756 7133
7 7109 8425 2198 9681 872 4361 4049
7 6403 6735 2686 7014 3536 1895 6717
8 9913 7287 457 5660 384 6072 6074 1636
9 3580 3693 6924 9586 2653 2693 5384 1216 1526
8 4435 6424 5487 4705 4588 291 1645 5037
8 1560 7862 502 8353 5211 5877 631 9668
7 474 3564 6849 9289 8851 3494 8047
8 568 7911 2928 6903 189 9919 6960 2564
9 9313 920 9166 5721 5107 2966 153 4500 9552
7 1992 5649 849 137 8006 6768 8275
9 4078 3103 1784 4935 1634 5405 6452 1763 1479
7 2695 580 3104 3583 9082 5000 4580
9 5868 3025 1013 935 7558 9826 4025 7218 6676
7 1209 9449 493 607 7122 4672 6514
7 8292 622 1113 8940 8968 3864 8503
9 6412 2020 9649 212 1415 880 9748 389 5311
7 7399 6039 7535 4358 8215 242 4695
8 303 9523 3257 5562 6674 3178 995 4757
7 6670 4150 9864 9130 2612 7025 6227
9 7956 4495 4428 6125 7682 5373 1806 4412 79
9 3629 2869 7612 1363 4862 6680 9295 5493 7168
8 1515 5341 9935 4154 7068 6622 1919 4337
10 1757 6115 7687 2495 4854 5001 1814 1321 1258 4978
9 4309 8329 789 3050 2984 3210 985 7688 7057
10 3253 5716 8783 3461 9735 7513 2063 3917 2096 2488
9 5018 4855 1724 6493 7867 8937 4314 7071 7522
9 187 4307 1794 3354 6762 5317 6325 6099 7565
8 5970 7040 1227 7319 1381 9865 6417 9439
8 6466 6916 2327 8323 2577 5847 492 4556
7 8640 157 2738 3334 9062 1339 1080
8 2519 2316 2774 1778 3173 243 1385 3613
9 1315 5885 7993 2690 415 3211 5326 5084 8126
9 5440 1040 5387 7248 8035 2021 4468 4465 6212
7 1335 6541 4223 2212 7521 5178 7524
8 2135 541 8458 1524 2171 8553 1808 7228
7 4839 4058 3655 6202 348 4773 9515
10 4525 5860 4098 5990 7000 8667 7898 4210 6889 6994
8 2949 3988 6189 8892 3325 3225 8230 1473
7 84 7119 8586 9109 2346 2637 7100
9 1543 4143 7864 3773 1676 4340 7520 750 5883
7 7928 6228 2297 867 5597 9760 8070
6 9707 4894 1194 4088 5914 7581
8 5299 9799 7849 315 2132 388 1670 3633
9 2571 9675 2324 209 7663 6056 3389 7667 9004
8 3869 1833 1860 4107 9232 1781 8162 6616
10 2356 2912 8484 4196 1797 7274 4235 7280 2334 2940
8 8175 2061 8965 883 3256 5401 9840 2002
8 7965 7561 8020 2896 7516 614 7854 8948
8 3156 24 4984 2031 6832 1416 7242 535
10 2432 7401 8587 2026 164 81 2933 1358 2529 1375
9 88 3167 1447 965 4245 1785 9588 3322 1374
6 5335 8670 4006 5736 8923 4399
7 6783 1005 3249 7355 7483 2202 1788
9 9393 2559 8787 9274 4202 4819 2546 9076 8156
9 6002 5086 3168 1734 210 6744 9732 3427 3041
9 8310 3855 6656 5654 8995 6243 2144 3890 2326
9 7475 4618 4066 6740 2881 3232 816 8828 9921
6 4008 7913 428 4639 7147 8666
9 4094 7929 5218 5295 105 6678 2004 6817 5707
7 2920 6807 7186 2293 8348 5684 6517
9 7463 375 8302 6430 353 6363 9933 8619 8753
7 1066 563 6645 9186 5840 9961 9206
8 4377 222 7709 6239 6615 1051 9403 2620
10 677 9888 9670 2422 4940 7080 257 3980 1426 4298
6 2465 2384 9836 3959 7233 438
9 9976 8962 3651 9030 8546 8935 9989 2872 8943
9 4379 1993 2538 498 9273 3570 4442 8837 5078
7 3607 4637 7198 1399 9170 7718 3526
10 5497 6695 5402 6747 1655 871 8481 5980 2136 7304
9 9847 2576 9733 3029 3475 1768 7990 7051 8308
6 8878 5991 5556 2162 226 9467
7 9752 6961 1170 277 8194 1159 2908
8 2735 3371 1384 1002 4433 1140 3265 9956
7 9084 1563 3502 6868 5320 4956 926
10 7429 9283 9405 1030 7668 5764 2478 5 7290 5414
10 7657 8395 9090 8786 2731 979 928 2678 2822 7992
10 4090 2941 9406 9556 6526 2790 3293 198 6145 9507
8 3442 1353 7891 267 636 539 4952 7136
10 5693 9901 3196 8573 4481 3905 5072 8623 5912 1823
7 672 1135 5366 9542 3091 8762 4759
7 6822 2986 3579 3947 9180 3432 8596
9 4494 6913 1588 846 3694 8284 2995 4181 7374
8 549 6456 166 2112 7633 8218 8199 835
7 9619 8342 1651 7193 6610 5676 4996
7 1305 1888 5808 6208 1246 7844 8139
8 9563 9187 7230 977 7316 3635 4548 3741
8 6263 2008 9347 3426 9392 1027 1213 7983
8 5192 5406 1630 2782 5815 946 4438 3388
9 3055 6649 7129 9890 2654 4012 9211 8893 5044
9 1097 3281 5213 4910 313 6301 3161 9058 4189
8 4601 4346 2424 6164 9497 1428 2445 3350
9 9003 8406 3575 839 6247 9659 4122 3387 1052
9 2247 4882 8055 6420 9833 4569 2549 2747 794
8 2015 4648 2470 4965 1702 2894 5897 8532
8 4742 29 3276 3910 1430 584 6157 3491
6 700 8184 6580 538 2486 3792
6 423 4842 2166 2916 5903 3014
6 8518 7640 5237 2573 1347 9960
7 1273 8520 5393 5920 4070 3246 4671
6 8731 5245 481 7284 4191 6349
9 6689 6198 7156 4507 5169 1464 2524 4972 7343
7 9514 1528 7948 4898 4573 2865 9711
8 2720 583 8376 3833 4326 581 7892 8468
8 7861 1269 8902 2551 6699 3330 9726 3533
8 3090 8204 5466 1685 1779 7782 1462 5485
8 713 6965 3384 4657 2173 7599 784 5159
7 6277 741 3358 8064 6225 654 0
8 5934 6160 9974 8410 5344 8819 1554 8913
8 6901 6607 9636 5238 698 4000 6499 5536
8 6815 8420 6329 3381 7872 1533 5117 8540
8 7070 3239 2641 5377 908 5284 3911 8606
6 4679 7546 9751 3624 2939 3712
9 5445 9411 9452 7196 4274 7392 470 6936 1699
7 1105 442 1046 8987 836 2454 5296
9 2883 610 6199 6536 3181 6389 2619 6482 2540
9 3817 3471 9920 507 4971 6146 8281 6335 2098
9 9305 5902 3148 435 5952 1819 6124 312 4220
8 4059 7229 6004 3191 643 7259 1894 5024
9 1138 219 3160 5686 7344 2694 6282 8949 888
8 5324 4788 3067 5158 9639 1854 5820 6019
9 1867 2429 109 3512 3338 7267 1682 5842 5563
6 4758 9020 3608 9474 3088 3223
7 311 4863 3669 5658 2269 7450 6051
7 6381 6780 5818 4048 5481 2430 6624
8 2917 8564 9595 1777 2602 3216 5979 2100
8 6706 1879 7373 881 7078 8986 8900 5248
9 7957 2313 5743 3632 39 2037 7978 5834 1579
8 769 6633 9685 6245 7534 7363 4175 3637
8 519 8102 8699 8784 354 7926 5975 9764
7 5717 7028 513 1529 7195 3431 5644
9 4071 6767 4084 4024 7830 3213 7917 5549 204
9 606 4687 627 318 4119 3163 9653 1478 6775
7 8708 9291 1090 511 6946 8253 7954
6 3549 7716 5394 1882 5325 9178
8 7499 61 4546 4830 2288 7056 7836 8625
8 1776 3333 7792 7277 5008 7062 7295 5404
9 8477 3008 5540 559 3731 9880 4900 7390 2750
9 3307 2507 1674 2982 9964 6495 1119 324 9024
10 6663 2278 2714 150 4645 6319 8525 54 4054 5434
7 5235 4586 3362 8895 6511 1354 3945
6 5300 6418 3891 199 9377 8451
6 9409 8509 271 7434 9822 4471
8 8950 2536 9815 5124 3135 9966 3835 5202
8 9679 9626 5858 3433 938 1956 5130 7950
8 768 5746 780 7275 5908 9448 5048 8279
7 8758 3865 9949 6886 4198 1131 5138
8 273 9698 8566 7494 7503 1818 3312 6631
6 6831 1228 9252 8031 1706 669
8 9325 1838 608 3220 382 6692 1056 6032
8 3444 8189 5189 6966 1181 589 8561 690
7 5769 6912 5690 5134 3337 8839 5460
8 9140 1609 1564 9100 2680 8958 165 220
7 4948 6951 4450 1709 7352 5762 7288
9 117 394 3138 4029 7448 9754 6564 8295 5855
6 9550 9804 8798 7101 4015 5811
7 3555 6044 6756 2754 249 3824 188
5 3578 9179 6672 1555 3076
8 5424 4644 4493 1282 9029 1092 6281 4286
6 961 2589 5425 7110 7756 1573
6 372 6502 4467 9741 3508 4325
6 7952 4583 5954 1817 5463 316
6 1664 8736 873 5941 1918 9530
8 55 1406 8224 3949 8097 4925 5961 13
7 9216 817 4836 4559 6801 269 4416
7 734 7329 9385 5913 3145 6988 8838
8 3149 1605 1177 6251 8661 80 9257 3797
8 4214 9137 284 9364 350 6545 9301 2138
8 297 8209 2401 952 1590 5346 8251 6934
6 1978 9246 4520 9231 4751 9129
7 6724 7108 6380 2125 2936 229 1622
7 957 1372 3368 9341 6238 4991 4157
7 5598 1024 8747 2330 1411 9750 2610
7 3030 8848 3594 1660 894 3023 948
7 7141 1323 3396 708 8339 7773 2953
6 8840 5112 4011 288 9253 770
8 585 5615 9255 8298 3752 5950 8389 2839
6 268 5948 9869 146 2760 2528
8 1735 7512 6634 4636 1679 7815 3252 9568
8 5304 2079 718 5622 9998 1666 3733 6606
8 5381 9473 4673 8609 8099 1229 1156 9123
7 9979 7114 364 6184 3519 5683 4332
8 8559 7889 2074 5603 2931 7192 5531 5647
6 6321 2122 613 6224 9648 8685
7 3743 699 3557 494 3767 4240 763
8 9581 3596 47 6062 4625 9697 8633 5937
6 8728 5875 7097 6460 9943 4321
6 5161 3170 5347 4838 7031 2697
7 8179 2520 448 141 6104 4082 3367
8 6952 4706 1221 1474 4470 4144 9756 5198
8 7877 3758 5955 7113 6262 3634 1446 4116
8 7799 8739 2216 5437 5909 7121 6014 6782
8 489 4387 1959 9647 7672 6773 1085 9891
8 9207 7020 1267 7191 2882 1486 446 2806
6 8675 3311 8207 4027 4530 7105
5 7468 576 7997 2629 9290
7 1866 9503 9512 6962 3689 4614 2709
7 3692 2426 4405 8237 4419 3273 7496
4 7227 4317 2070 4473
8 6694 8073 4656 7425 592 7930 9336 4378
5 2176 9229 2582 9338 455
7 5222 8426 4953 5635 9862 2481 9714
7 2944 4421 6597 4768 5506 1225 3134
5 6361 2123 9702 1880 9119
5 3321 6114 4152 73 2287
6 3647 5221 3137 1400 1935 5423
7 113 661 9579 7368 6229 2310 4961
8 6900 6877 6563 3829 6462 5589 6477 8106
8 5343 2975 3966 3685 1525 3320 4510 410
7 3667 1689 9065 7924 6129 1878 5633
7 554 8435 1186 5021 8061 4492 6093
8 7088 6168 3036 5724 8576 8975 8891 1120
7 8698 5034 1986 8909 2246 8845 3492
8 4056 5060 951 369 3031 7408 7878 4193
7 2531 2963 5816 3434 5532 6154 4977
6 3410 8713 2333 4872 9379 9723
6 5881 6851 7337 3507 6090 7590
7 8086 4194 1977 3086 604 3359 7943
8 2828 1697 4957 1016 3828 605 3730 7833
7 6269 6206 5650 2192 5475 6792 6626
8 6843 3459 9575 1537 5176 1035 4577 8622
8 5027 3208 5516 9158 1561 5098 3125 8778
8 7188 1852 1102 4857 4810 7623 7577 4277
8 1332 2711 8868 5557 7842 7340 6520 8508
7 4475 4624 2663 8857 1342 1744 5896
4 7064 3202 7362 7487
6 8213 9087 9251 2749 6761 5618
6 3697 6741 2518 454 8549 2951
7 4536 1973 4344 5785 6823 6065 5542
7 5971 6786 4409 7479 8906 923 1680
7 6662 1142 6825 4924 1283 1623 9642
7 6529 4635 2178 8820 6397 1333 4823
7 1883 1100 6984 6999 684 1126 3612
7 7455 8774 326 8780 78 609 1813
8 7711 6053 4658 8245 7904 2405 8934 4140
7 9820 2957 1949 524 8881 3809 9608
8 3049 6159 4404 9897 7940 6617 8825 3838
5 3708 5910 9894 7771 7600
6 7140 6068 3740 23 6371 1356
7 4877 3510 9576 285 2768 2487 6291
7 3546 8548 3022 7498 7189 3324 2830
6 3245 3291 6178 5168 4600 1064
5 7810 6377 2851 9883 9787
7 8029 9320 6474 1098 5919 4812 8866
7 9046 4255 5674 8413 1322 8202 251
8 19 2748 1260 5374 6880 1789 5776 5661
6 1414 2511 3119 2541 6214 8080
6 2603 6155 5371 8565 8340 3571
5 4873 9845 2591 5416 7017
6 6139 3779 8915 1947 5478 2148
5 8489 3430 4887 336 1327
6 5227 9602 9954 9788 6766 1599
5 567 5006 3539 4931 7906
7 696 332 6089 4824 5705 7053 4983
5 477 9744 4744 3341 2353
8 7435 4164 5662 6197 736 5412 2993 1691
6 1407 1208 4722 8526 7519 361
8 6485 8715 9064 2121 9143 264 2491 6869
6 3147 6512 2645 5484 143 831
5 3918 6669 4366 8571 8441
8 8932 8447 7174 230 940 3889 3630 1185
7 1637 5369 3453 4937 3027 6611 9567
7 658 6455 1 9687 1289 6976 9146
8 5727 3601 5156 3315 7754 3158 6445 107
7 3005 3092 6009 6769 6249 3504 5544
6 3409 4815 7684 2876 4005 4108
7 3294 5541 3169 9322 9755 879 3464
5 6404 5983 9739 6355 6148
6 3540 7102 2406 1061 5461 3525
4 6745 2660 7589 9661
7 1512 7255 9457 5062 2003 7426 5047
7 2233 7379 252 8793 9708 207 5362
7 8557 3066 6480 2630 8473 6010 702
7 8290 6340 5679 6581 9664 1858 3413
7 3197 9316 7152 7659 798 1144 664
7 9402 9011 9135 3496 441 3728 4901
7 7398 5017 6078 6793 4333 4753 9606
7 3826 9487 2368 26 6256 6005 4269
7 8262 409 2852 819 1094 7241 7673
7 739 8370 6173 3751 3926 911 3856
5 1803 7762 1772 8704 5003
7 4781 5307 5457 1875 1026 787 3965
6 1773 6200 2527 7090 1615 2998
6 3640 4807 4123 6306 8330 3897
5 2942 1869 3760 6935 5669
6 8158 2167 2075 1096 815 9999
7 5491 8588 2473 5608 2142 7767 6112
7 3990 5829 7811 4608 7706 205 6991
5 4693 2717 8815 5763 7482
7 4208 1252 3345 624 3844 4599 5652
6 7180 2649 3940 2977 641 1905
6 6123 1970 4709 6591 3280 7625
7 726 1508 7665 6681 9663 5687 8078
6 6658 4720 767 4329 495 3656
7 9052 2539 8188 8244 2308 4022 1694
6 9985 4938 8998 776 7835 4735
4 4260 4228 2053 488
6 4414 6879 561 4572 2902 3042
6 9128 601 2866 4252 2815 7160
8 7210 8464 5495 408 4730 5505 6895 8046
7 8459 9105 8761 2370 1253 9599 9909
5 7471 4826 8303 1659 6322
6 6884 3193 2923 2858 5348 8499
7 2357 933 6313 5268 964 1542 1633
5 7704 5732 9346 706 5147
7 4959 8254 7643 9849 5850 4142 9069
5 9996 7662 7037 2237 9693
5 1593 1518 9381 7909 9484
7 7553 4482 8493 6830 8201 1868 2853
7 7116 730 1553 4121 262 2795 1408
7 2838 1326 7150 7488 8522 3820 6242
7 6457 8440 5830 7627 9372 2251 7851
7 6558 3199 3609 5171 5570 148 2579
7 1984 6473 7387 21 7753 4275 443
6 902 1755 6297 6226 7023 6958
6 4511 8653 578 594 1007 8260
7 2006 1628 2115 9607 3374 764 2007
5 8021 8088 2155 4542 8905
7 2436 9613 3429 129 3081 5960 9967
7 2899 6475 3867 2561 4678 5895 3934
6 2512 7446 2857 7809 5773 4766
6 4537 6550 2128 2844 5118 9451
5 864 5054 5962 4646 2968
6 5359 2382 6274 8344 9895 4691
5 842 6409 3227 1626 6250
7 2791 5626 7239 2765 2091 7705 6559
5 7575 1891 2499 3020 2329
7 6752 4973 5260 5864 600 9615 7784
7 8104 7579 7143 1747 850 7859 2886
5 5572 4065 8004 1925 3702
5 7104 9353 3439 1695 5573
4 2736 9489 1849 9277
5 7451 8536 5982 9745 9099
7 8449 4207 3952 2557 7265 6046 685
6 7357 2338 5382 7497 548 7476
5 7082 9524 97 5470 5059
6 4352 5844 3323 8805 3703 8238
7 9191 9874 6932 4539 8885 5272 8908
5 8629 984 8788 4401 1961
7 5856 1908 7342 4074 8153 7050 1060
4 9459 8822 1936 762
6 8792 8665 8904 9049 9184 1242
6 1625 1843 8719 322 748 4363
6 9306 4629 4561 8304 7518 6302
6 5500 3116 7453 558 5215 6096
6 5698 3537 7971 9798 1442 5758
6 2915 6413 1721 5094 8402 5286
6 4170 5621 6904 2099 8411 5894
6 3849 2937 9644 3503 9986 9792
7 3424 7226 3759 5801 2283 3063 1594
7 7677 5602 990 4942 4936 1285 913
6 8277 4141 5088 174 5812 900
7 8979 4003 6657 5664 2462 7157 2298
4 4455 3615 1855 9465
5 499 2359 9978 4563 1293
6 2742 7686 4244 6820 3001 5749
7 4200 6942 6066 1736 2911 1367 7881
4 7428 476 2342 6323
7 7585 9002 8610 4212 6928 9294 3310
7 892 4686 6013 3277 8914 9048 1575
6 5710 1904 9019 5330 7744 7289
5 2523 233 6995 652 4341
7 1530 9657 876 412 5747 973 8124
6 2143 8991 5994 4043 2615 7437
6 1489 6567 5279 2670 6509 9601
5 3976 9483 2433 651 5599
7 2335 3114 3205 5610 8107 1703 7154
7 7117 5756 379 7094 4051 5946 4095
5 3176 2000 7778 5969 6470
6 9495 1365 7194 8971 9580 7968
5 7224 8110 3278 5561 1284
7 2230 640 967 6974 5164 1280 3971
4 9666 35 6907 6527
5 874 3936 3296 1086 1708
5 1421 1143 8048 1764 8879
7 7768 6729 9645 9541 4612 1732 3644
7 4112 6503 2702 9083 3771 4968 8654
5 8203 3566 6544 5257 9719
7 4233 982 8809 7727 45 6300 7181
6 4575 5711 6279 7142 7760 4683
6 5049 6523 1239 9848 323 9885
5 7779 4802 4950 8365 2196
4 5480 9456 1713 1115
5 7347 7176 1435 5010 869
6 8274 657 7680 6543 7059 5977
6 7927 8173 7501 1034 6687 418
3 368 9287 1107
6 3989 2825 6416 6600 3015 8349
7 2626 3680 7679 134 8946 7989 7979
7 5089 5917 4415 1979 1976 9600 2457
6 6804 330 2407 7788 5898 3705
6 7314 3783 4584 515 9258 6311
7 8574 5593 9652 7125 9509 4261 3922
6 2642 3117 2191 8010 9398 1663
