50 2822 7138 7883 5467 457 5476 7060 7699 6000 3118 4495 6826 2774 5887 5769 3086 3105 8214 7824 310 8721 5869 5073 6757 8124 8223 5409 3129 4149 1403 4541 248 6527 8674 1992 579 9369 7892 6579 5575 1930 1518 7791 3406 9423 5507 8640 126 4747 973
50 2921 4119 9155 436 4170 6416 659 2860 6005 9629 1740 4858 6167 9078 4044 1532 3508 4431 6648 2355 9434 2811 7623 7058 3692 4845 4737 2593 8196 5123 1743 6957 1230 165 4203 890 5715 4848 2025 4959 3493 3649 7930 1022 6266 1027 5717 224 447 7368
50 7136 1587 1788 994 1468 8166 3385 130 8282 9836 5829 5896 4104 9909 5353 7393 1194 356 4272 2260 1182 4689 4430 9135 5839 8762 66 5790 3971 4470 5422 355 6087 1649 6549 5722 3862 3070 3947 8323 814 2264 5549 1967 2789 8298 7294 4111 496 2436
51 3117 1769 6638 4805 6687 4773 563 1051 1325 3050 8884 9147 5682 6616 5759 800 1028 135 6185 5311 1754 9855 6025 9081 9367 157 6624 4488 9312 7750 381 5393 5043 8868 4663 6107 7920 9715 8411 821 1583 9124 4798 1404 6358 8916 2119 953 6955 7153 470
51 835 42 8121 4259 3471 479 273 8193 9258 6027 3573 5850 5457 926 2542 7709 2931 972 38 1867 1988 4316 8507 6811 7792 9448 8135 4934 9513 8847 6288 7428 9749 4770 9142 4007 8354 7657 2669 2284 8985 4150 9557 2498 6704 7677 5543 2670 4707 1773 124
49 8450 1048 9440 8523 2069 7689 4214 9735 6995 4677 5867 630 7489 7927 4758 5301 3784 9883 2799 7536 9247 8824 5428 710 143 3646 5752 2527 2889 3928 2070 7879 9701 5194 1026 6126 8287 2865 7019 6838 2862 749 6901 5849 7470 119 6061 9481 8909
51 7833 5057 1204 9887 3765 1842 5794 8890 8273 2747 7980 1677 5079 2337 141 4457 5900 6824 373 8318 1723 2502 8558 5913 1262 7682 8338 984 2741 5978 9409 1117 5399 5655 4499 7780 5271 1513 8101 2934 3712 8510 6141 1181 8164 4695 2902 7194 8964 1596 722
52 2603 3353 4960 2823 9445 9826 1339 665 4311 3620 1631 9721 971 8791 9583 4465 2403 8974 5659 6609 5304 9502 6310 6115 6429 6684 8436 4157 9729 5737 4051 6512 241 8291 3263 4301 122 6019 6109 137 3521 5180 3713 9082 1800 5805 4947 6029 3589 2850 2016 1993
46 2139 6845 3288 8432 1924 2263 1175 3291 4628 3667 8239 8673 3882 1304 1248 3835 1899 2412 3290 6368 9458 7321 5135 1063 8990 6530 7206 8461 7813 840 4653 1164 8340 6886 4283 3627 372 3066 3098 181 4682 4561 8374 8589 2810 1177
49 9670 1813 9594 2583 9037 2916 1675 4926 5713 397 6519 8968 4478 3984 1730 987 619 8511 8260 3507 8861 2017 7001 339 3377 6502 8578 6924 2407 3790 3031 8138 9965 1945 728 6852 6517 9945 8742 3752 7332 7396 2567 3601 2544 3349 2532 1212 5638
50 1959 8544 1660 5097 6578 9951 9042 6407 5005 8575 7974 1229 2868 8679 1888 2142 2624 1118 7876 2547 353 1585 8956 5306 1046 7276 3463 4883 8529 1169 226 6526 4604 657 2880 8467 5025 9318 1318 8192 8788 1576 4688 9912 7156 574 2059 4526 3334 7820
50 1785 570 8546 3503 854 5237 3855 9120 7845 9678 163 2391 3625 5053 9658 5843 3565 5906 4732 6997 5000 9651 9280 782 4011 8341 8882 8031 4814 7438 1623 524 1252 9711 4216 2461 4537 1331 8763 2282 5158 455 2976 509 2834 8272 9438 7066 8816 9307
51 2635 3873 957 3505 330 1205 7724 2304 6910 338 1430 8257 7526 1302 2525 4413 597 7291 8067 2760 8284 1214 2121 3812 1721 3003 5072 7184 7212 2432 2309 1732 4924 179 9269 6122 1814 29 2363 7055 2732 442 1287 7970 6012 2516 1916 7997 6639 9192 6441
51 6933 934 7901 3832 1925 476 6879 7042 8130 5940 5066 6292 5796 5863 5170 2158 5861 3176 4334 5964 6927 4136 4100 55 9414 673 7692 7757 3400 4800 4321 755 1625 7083 5362 9341 2764 4729 9036 6273 3438 7524 2990 79 3993 2904 5621 6498 3159 4605 4659
51 5260 526 5262 6425 910 1192 4279 4560 3412 2801 2838 6902 3480 3711 6572 8603 6606 8573 3553 1747 4985 8639 8925 3034 6895 7013 1606 2653 2181 2133 500 8459 3788 5494 921 8923 506 6771 4362 5234 7376 5660 344 2311 7107 4954 1255 9866 9544 5561 9784
50 493 7324 8364 1734 6778 8547 1024 7603 9625 2569 941 8577 9853 2989 1545 8988 532 6672 9952 7785 1034 3819 4090 4918 8489 6696 7172 8221 9066 5056 650 6039 4372 9946 5094 1722 4536 2575 7659 6799 6040 6534 517 3710 8750 4592 1638 7978 2582 5674
50 6261 3922 3756 9031 4632 7394 7864 2736 5298 8530 9096 3755 5368 7239 7117 484 420 1871 7304 4822 4818 8813 7459 1147 2944 5027 9290 2283 2206 6977 461 444 6336 6054 549 6896 2543 9638 8531 5221 8045 5996 9962 4820 1369 6722 1136 7805 9354 2254
48 2098 3590 8183 6610 1768 1021 8919 3350 2965 4009 4639 8381 7513 6295 1836 5146 8912 5687 3925 1548 1023 9466 9287 7242 863 568 5842 758 6223 6617 5389 4572 7283 7550 5871 2159 1162 9377 113 6797 4196 6308 9828 2911 1540 1484 8180 3143
52 2734 1579 7256 9360 6980 6600 128 6864 6509 3582 5244 7383 7621 7406 164 117 1767 409 6795 1671 7305 5064 4591 2389 9618 7620 2428 3096 5095 6644 9323 4164 9070 6853 5572 9566 8600 1388 9331 1372 1841 3510 1682 7281 8018 8660 6377 4683 7772 4256 3285 98
51 6599 9822 152 482 5336 1196 9568 3598 4607 5423 1681 1276 8754 1004 2748 8022 5315 9149 4736 615 3228 9127 4101 2184 3849 9160 2761 4226 8597 981 8276 3319 7231 2702 6469 3485 8825 9234 5961 1153 4209 5776 25 6324 6745 9134 3457 3024 9100 9918 9558
50 3060 993 4922 7793 5197 4660 6363 2293 404 8615 3610 4694 5167 1784 2613 4889 1693 3336 9917 6590 1915 7877 609 2675 9411 7012 2225 6629 9852 4843 3109 912 100 2662 3600 5866 3032 8998 2503 3498 7128 1454 6325 6059 9535 9003 9444 6038 3808 9154
53 2446 3216 4260 7606 5503 3656 6635 874 5895 4200 238 5126 7087 8834 883 8001 1882 266 5071 4647 9545 384 2857 2699 9739 8482 3759 5994 1504 8095 6930 2216 1973 481 8016 8303 5099 2081 6196 142 7339 2729 4510 889 9143 5937 3092 7817 9580 6149 1791 3048 819
51 2234 1574 2191 523 6245 3501 4769 968 4386 304 6966 8634 9407 851 4116 2797 5406 5822 1792 2243 1724 8222 1920 954 3269 1838 2006 4340 9630 9659 3046 9726 4023 847 1335 8664 3307 8010 8179 6260 2927 5527 1937 8376 7968 8317 7934 1399 5851 3021 2497
49 2922 9371 6668 9850 8415 34 2971 6620 6073 706 8526 4221 3439 190 3802 2511 620 9835 2522 8859 5488 865 6082 7118 5761 8675 5346 6611 379 8707 6649 7410 1684 8379 438 2127 7211 9684 3691 7905 8772 9572 8043 1396 9030 624 5216 2957 8351
51 2772 5465 7642 3179 5241 528 4068 2599 9416 663 4175 2519 5499 7065 2331 9415 8469 2552 8224 7328 1709 2124 8337 7701 2413 2683 639 700 7909 5487 2299 285 1591 3690 6247 9271 6071 346 6903 114 5981 7754 149 5402 4411 253 8830 8225 6189 5361 3504
54 8033 3636 4804 8453 2765 5583 7358 7636 9378 780 8714 8421 970 3335 9622 6854 4545 6230 9153 3989 8628 7753 8437 4823 5766 2314 198 9002 8621 669 388 6306 1225 7823 4261 9920 6270 4233 7085 7827 5872 6139 2360 6022 8533 3196 1361 4619 103 368 3366 7885 9802 7534
45 8103 8044 4581 6154 8934 5185 2755 229 9777 408 9955 1917 7111 1081 9274 5023 9067 5329 911 5611 5854 1188 8254 9421 4080 2130 6884 4557 8116 3378 2598 2742 6458 3230 6116 298 8706 1877 8219 2275 9045 3421 3645 6680 6179
44 4172 5046 1415 4989 3630 6699 2469 4050 2555 2339 7668 2298 7110 311 5439 1427 5397 3402 4988 3453 7072 603 5833 8329 5943 4819 4946 3327 1523 7373 9386 8809 4816 293 3022 4267 4907 737 5391 2537 7478 7319 4956 4014
46 5634 558 9213 5041 68 6655 2003 4777 5705 515 473 9898 6793 2281 2132 51 7815 8047 4284 331 8390 8007 9996 6837 1469 4740 1156 4609 5415 8444 2580 3217 6514 4102 7182 4000 8633 7440 6431 6577 9563 3906 8501 2444 3918 7555
51 6428 4967 7760 2847 8654 6595 9131 1275 3306 3707 8250 7176 4942 7201 7347 4642 1127 2843 8206 546 7355 1742 92 6024 6337 4748 512 7053 3886 3535 588 6110 7357 2208 9009 6067 9132 1019 2529 9193 8690 7505 262 196 8880 5092 8070 1875 946 7908 5644
45 7245 1753 3482 2813 6493 422 5460 2768 6485 4788 3783 1770 4134 4145 871 7847 1309 6460 5497 7860 7077 9060 604 6545 4727 3869 716 7425 1563 260 7627 9574 5814 4462 3655 4908 8672 3547 12 2357 4793 7921 7422 1778 4915
47 45 6975 2652 7297 7918 416 4067 3919 9669 8765 2992 7870 7359 8506 7993 8904 110 3262 3055 4914 7941 8435 9792 5808 9091 9588 3343 8667 6494 8491 2045 3666 853 6373 162 6592 6774 6478 8522 2938 9001 8061 4913 8228 9388 4585 9827
50 8854 7576 4447 5532 6857 8356 6474 5171 1210 5654 8368 2609 6686 5302 437 1032 6357 161 1799 292 5830 8538 6809 9694 1498 9024 5519 9823 8867 3043 5003 3088 7003 4911 3255 7640 4508 7530 8065 7445 2545 4038 3800 5813 1705 8891 4548 9018 5418 7911
47 2368 78 6791 8983 9104 1779 3746 8204 9907 7381 7361 6866 4953 7755 9339 6872 4898 4401 1460 5405 8591 412 1829 1482 7431 3211 5565 2714 56 985 478 7684 3714 5754 7269 9479 5243 7967 8084 7517 8081 172 8416 6271 5897 2936 9343
49 9475 327 8849 5354 3665 2335 2777 8624 9382 4156 8966 2167 6634 4282 80 2247 4190 2689 5403 4833 7802 9780 3982 2842 4294 9672 2882 4756 6204 5573 7189 6739 4187 2974 5047 1356 5544 3358 8202 1183 5380 7595 1449 7280 1629 6755 8062 2809 6135
48 3042 6891 1130 5595 8073 26 6092 6459 2395 9097 35 6859 5010 8518 4325 9178 2286 9720 4019 8552 5852 6951 1483 1418 9207 6414 7271 7200 8534 398 1910 9511 1101 9578 8785 8748 3469 9450 4993 4287 8197 7152 891 2385 451 3062 2634 5392
50 5266 6197 5703 6488 7569 6765 2252 2535 1659 5542 8417 1238 2232 200 111 790 1158 872 4952 8536 2080 1929 406 6996 5220 4471 169 1571 6104 325 5498 1710 1190 6691 9125 1008 9493 8521 9849 6981 5091 8555 4984 8068 6637 3226 5928 9188 6898 8465
48 6440 9106 2452 596 8657 5195 2 6275 4126 5313 9391 3114 6522 3647 5969 9220 6515 5314 7108 8769 2416 2004 5782 2967 4448 9935 3389 4109 2798 4482 1578 8199 1582 2827 4606 2222 5364 3626 8789 8836 3998 4337 1762 5548 8596 5774 6240 7996
49 3039 9601 9284 3632 8835 5889 5886 3643 1756 2253 8445 3292 1794 147 8913 9315 9936 6764 4079 5879 5429 6210 5309 5811 2044 5438 9118 9800 2348 6048 8999 3805 2113 2118 992 9171 2787 1902 4242 3154 7717 105 6833 3959 1464 7837 8774 5779 5988
50 6613 4760 1833 1312 5653 9236 7698 3064 2195 3557 3275 1282 3205 1998 3803 8441 7046 2595 5547 7032 8907 1003 5198 6174 2893 5067 3525 9098 2740 471 4143 7333 3466 1180 6937 2773 6467 6548 2566 3542 4733 3141 9524 5864 5882 8776 1079 2467 8216 8753
46 6198 175 4049 1425 7115 5134 6117 3172 7976 1515 7203 1854 5424 1258 9338 7105 893 7950 8857 1319 4992 7809 4723 9609 6841 9214 2564 7210 5357 3737 9294 1510 8301 5743 3980 9013 7600 1874 4531 7192 2523 9293 7861 6269 9410 6017
51 2440 8057 2711 8383 4166 5206 6664 3698 5349 1422 8936 7249 3049 4069 1245 6409 6436 8680 4446 7651 3330 7939 4582 1436 781 4382 4161 6418 9595 8759 1977 8217 9717 9534 8271 591 6987 4932 8408 2162 1974 9686 8955 566 9542 3451 2306 6960 4963 2587 2504
47 156 1408 7006 7343 3534 4996 7648 850 5456 7769 8418 7327 745 7379 1485 5183 1676 5530 7131 7400 8144 7007 2019 8038 989 9177 5727 2581 3213 2341 3359 7143 4133 6333 2035 8729 7562 9167 5728 5515 7730 9705 3057 1727 3901 2561 1868
48 6812 6190 1359 6796 3051 5247 7026 3954 9974 9027 5610 1414 8365 9172 6550 9231 7330 3078 4293 4515 7237 7388 1314 8901 4332 1122 2658 6353 5331 4299 9867 535 5641 5788 2347 9682 1966 6661 2294 6086 8058 5386 439 2737 1607 2493 1551 6088
51 1711 9858 2297 7787 6151 6935 2399 9592 8699 5181 5416 2775 232 675 662 1299 36 670 1259 8325 3379 8369 2040 5289 907 3923 9455 8140 5804 4280 449 9169 255 4706 3754 9480 4399 3252 4899 7160 9319 315 4342 942 6499 892 6503 617 8941 6561 6537
50 1134 5777 3171 551 747 7351 4529 2013 2394 7719 7605 3871 3430 2960 4785 8944 4140 560 300 7554 4295 1102 3585 6591 48 6365 4207 1886 6905 6938 6195 8817 6349 668 8280 770 6101 4210 2978 3081 485 3015 2094 6495 3668 5948 2481 5877 2952 6625
50 5876 9049 9282 4303 553 7611 9891 2573 2430 5020 9915 3847 2096 5742 8036 841 4370 5490 5514 3863 9029 3490 9187 6646 2682 2730 914 9673 633 1161 9551 7350 5458 2449 6131 7137 5735 4651 2824 6782 8032 6916 6533 5430 9586 3074 1991 1503 6546 7641
50 1566 9888 9194 1060 8710 2524 598 676 4123 7773 8500 3348 3281 2499 4017 5074 2071 5793 8862 6862 9057 7443 6192 4045 4829 7831 4414 5982 9040 3231 7578 6958 5853 1379 7959 5563 8361 7451 5824 4409 5719 2405 1254 9353 1975 5032 9991 2895 3857 5273
49 2758 5500 2198 8504 2330 3302 4239 2526 7367 837 6753 9494 7349 0 8292 4630 550 4158 7062 5601 2426 564 916 3730 1661 7099 5786 7763 8200 4693 7248 9647 9509 8304 3245 4429 9519 2210 11 2883 9065 7094 4412 5256 3101 5513 6952 8114 8670
48 5959 7148 1752 3235 8386 4944 3618 9224 7890 434 919 6746 1300 1243 3651 689 7661 6697 4687 8294 322 3686 3390 3700 7146 1517 2324 2326 4549 618 6725 3007 3445 4253 4022 9048 1107 7301 8433 6631 8520 7923 5231 2189 3030 3381 9109 5320
46 9151 660 7229 4349 5245 7380 4909 1197 1239 2218 7022 8201 2745 9362 7680 3340 5382 2030 5420 6814 2316 8426 6208 6100 1598 4129 5199 3376 4010 1565 6394 4778 2641 1041 9472 5649 932 5017 2559 7477 415 6159 6823 2349 283 6843
50 5604 1472 1824 8440 281 3640 6756 5910 6815 289 6985 7412 9477 5587 9725 5911 5568 4292 7925 7082 7188 2276 1489 3136 6060 4578 9923 9547 982 5479 803 8023 3276 9144 967 9656 959 2102 5922 1129 3838 2065 4877 1798 378 1891 4556 4235 6647 1627
49 9861 8372 1573 3119 1531 1140 9755 7323 5148 6767 4553 7910 6244 6747 4724 1610 7765 5603 8008 5249 4658 237 3321 9185 643 4317 318 3662 8028 5154 5672 8495 7433 4359 1201 3792 129 8102 7658 7486 4369 4936 4995 5398 5280 4422 9697 5410 7341
50 4467 7782 6669 5557 7235 9441 5938 4937 3682 8872 4976 4636 5883 5201 184 1420 5757 6567 4241 9173 9862 4667 9769 9824 831 7265 5356 5662 2110 8155 744 8643 8198 8795 3965 4675 366 1501 5358 5316 6619 3237 2691 4973 4437 145 6371 5953 8715 4871
49 9738 1999 3233 6557 8590 9202 477 6925 3331 2352 4817 5052 5433 6652 9084 8993 1883 5070 7407 1166 4002 9628 2033 4180 6457 5972 5299 4328 1050 4406 1640 3261 7964 6949 9137 3793 7954 8719 8888 4036 632 5812 7991 127 1015 9358 4714 4254 2217
46 7080 9872 3782 8399 5917 9352 6748 5258 4227 221 8933 8532 380 9949 7401 9690 2373 8296 1618 3356 9365 9845 1029 3026 4421 5505 7155 6962 4453 8537 3142 6525 401 3223 5452 9433 9661 1716 6201 6002 192 6008 5374 6626 8443 711
50 2150 9435 7313 9718 9117 6888 7120 540 3417 4250 8937 704 6676 4809 1802 1620 3532 4958 594 4728 7531 9372 4410 8066 2171 9796 8908 4656 5688 2173 8429 3549 3976 7825 9102 3874 4075 9608 3224 9978 3527 7604 731 4274 1801 4832 2968 2879 7747 6596
49 691 4077 3210 8205 5952 2554 9506 3462 1049 4476 1016 6868 4030 4948 7028 2409 8812 9798 290 4095 8089 5404 7830 3094 7025 58 305 6439 7888 3837 3891 1845 4451 8800 8312 8735 269 9652 1500 2483 7602 6222 581 9698 5926 4699 1739 341 9556
47 7318 2209 750 626 3972 108 7253 1505 9640 3122 9242 930 7800 9753 8251 9531 5012 9634 5238 4064 3431 997 9072 7312 5450 844 3786 6220 494 9419 2910 6443 6020 4269 3270 3538 1110 898 8243 4681 4008 652 6867 9064 9071 6157 7718
49 3516 1938 612 548 8431 5153 5696 5826 6681 4001 4076 8410 5157 6215 9240 3234 1020 9376 1986 199 9983 8892 5332 6298 2645 947 7069 4838 5806 5272 7943 1426 8703 3052 8021 765 1232 2160 9813 8112 3157 5536 7090 5471 8792 5960 5050 845 4821
48 5455 2672 2091 8472 3856 4807 6623 9019 4415 653 8663 7158 3033 3741 9183 1433 2064 5502 4792 4204 5951 9664 4379 924 1744 5962 6670 2125 5026 4492 6628 3325 1216 1006 672 1159 7454 6636 459 857 8174 235 6415 4895 3758 2925 9838 8194
52 7678 4398 4759 3929 2785 7173 3921 9606 1152 2212 8954 1203 6128 3556 6738 6750 576 6233 8466 6914 6183 798 9007 6993 8509 9 8630 3963 1416 6594 4970 3820 17 7447 6127 1084 6568 6913 1514 4484 1497 5184 9022 5764 4615 7106 4532 448 9731 5002 4418 233
50 389 671 773 4338 3027 7458 9130 9772 3347 908 6727 3300 5506 3429 8458 8289 6256 5781 6893 1045 8350 6378 5817 680 1905 5373 8168 6492 6334 4596 812 8186 8300 6875 8869 4863 2073 6194 3864 2074 5624 6569 5615 8695 1227 9023 6074 3279 6142 9163
49 8980 2146 7175 5608 4757 9797 667 3735 8234 5436 4903 5435 3644 8553 8460 1326 3481 1290 2943 6707 2188 6510 8686 6908 3382 2704 4167 1114 112 8720 3885 759 761 8822 6934 2002 2377 6848 880 5286 5101 2393 7770 4811 7804 9615 8945 5930 7775
47 2995 4189 5130 5984 450 5965 3278 7116 2201 7715 1674 6099 8920 8645 5862 974 9562 4774 7771 2948 123 6719 3393 5720 6072 1535 4815 5642 386 8702 6487 7027 6199 4846 8380 9843 4558 712 823 1375 6011 6327 3607 8928 1150 2530 1185
49 9053 138 1143 6729 656 3903 8841 2353 5949 3186 6622 3541 6286 5512 6186 5090 9317 8652 6586 1002 5442 8691 4583 2657 337 270 6134 6521 3639 2445 7591 2886 483 763 5893 2605 3338 9603 2856 661 8823 4367 616 65 2907 5698 6235 8167 9941
50 7643 9211 7639 6720 4238 8481 2169 5612 9263 5783 8006 308 9107 8249 2846 1971 9093 7610 4921 6354 6098 7308 8384 2632 1494 5426 2508 5924 2226 5590 7994 4035 5980 2665 9532 4982 6047 1155 7169 8127 2336 5599 5665 9032 3909 2514 166 340 9161 2528
52 187 4071 2996 27 4701 1285 7694 3260 2715 4442 5658 5724 9462 6452 2920 9864 3513 5772 3341 1007 3637 753 6191 6238 8455 5974 3771 1223 3152 9876 8190 3650 5958 9021 5899 8921 5750 1733 2458 6608 7303 1827 1628 6909 8685 2257 9934 6972 796 3072 6947 4037
48 3190 6603 1191 2793 6640 4650 9559 4152 5144 2279 6411 4975 9272 9880 4575 9733 8477 3144 8391 4281 7000 4456 5847 6137 6291 965 917 3978 3512 3571 5098 5617 7495 8525 5676 8030 7567 2437 1811 5337 3369 8117 9579 5491 1270 371 4775 6121
48 3183 7633 4574 8152 5934 6046 2228 5116 4697 9874 8992 8924 8572 8264 4193 9442 1207 6263 6138 1395 6434 5352 3246 2082 866 2251 1221 6714 8310 7975 6939 2131 7624 5061 1296 4198 9206 6840 3699 5120 4222 1812 8979 5950 9505 4962 2901 4625
48 4904 3968 8207 9200 3694 9956 7109 9123 931 9708 9856 606 3854 106 9327 4363 5749 5440 84 2946 7429 5024 189 2576 1853 7044 8283 9209 2425 2660 3371 8230 829 3282 3097 8069 4744 3726 9306 6501 1017 2964 6761 6932 3197 8037 5178 8307
50 3425 3611 1038 314 5555 5675 7191 4455 3898 6123 8462 7891 7675 8377 8398 358 7664 7484 715 9575 67 9906 2790 1467 2165 1774 1137 1783 7196 3576 5741 6760 1656 2362 8208 6558 3017 4626 3689 2443 7998 2926 9759 7413 41 4352 3161 4586 503 1990
50 2717 13 8404 5613 9591 2418 4535 3762 9816 5102 7607 3917 1151 9939 5401 5278 2183 1074 4504 6693 4428 600 8886 1771 559 361 2888 2312 7999 4654 2754 3776 3372 5338 7548 2240 2190 6420 699 464 4416 2626 1981 7738 990 5618 2099 9403 1954 7774
49 7849 7662 3877 5967 8134 1909 3867 3396 9397 7436 1133 7375 1342 1411 6473 7390 3229 1647 4021 9497 1934 8938 3464 7112 3894 3401 6743 5546 6106 8210 505 2899 7079 1955 9516 944 6662 9399 7933 316 5657 5819 5795 6447 501 9383 8619 1268 411
47 6430 8099 3198 7704 8543 2005 7384 8438 2239 1025 4355 5683 572 1368 6874 2562 4306 5133 413 8253 9964 8106 8512 4603 8279 1353 3853 999 649 4752 5986 7963 1901 748 5328 9722 1481 7619 6335 9170 5985 9642 4384 2487 4353 2668 6301
49 7851 3902 7794 5008 1437 8740 7581 2037 8820 4181 9504 6427 9406 3904 2680 8004 5028 8122 9812 7275 2935 3975 116 8752 6471 8109 7656 4902 1876 2484 6965 801 1058 4464 5620 1534 8344 9108 7666 2197 6688 5173 4138 641 852 8236 282 3188 5486
48 3448 666 6982 7222 5528 1066 7020 9817 5308 215 8266 7149 2673 1322 6446 1306 943 6708 391 5192 8505 2897 1405 9311 6114 4098 1458 9355 6075 9047 9295 5628 5186 424 6314 104 151 5710 7902 9948 2778 4571 8782 6573 7008 7839 1106 5681
47 6056 4974 7511 3693 7011 8745 3763 1250 4983 8711 4703 1904 7356 1253 8262 5763 7450 4519 584 1371 5259 9279 5122 7725 5956 7378 9297 4043 5957 3615 7262 3337 2172 9357 8508 1646 6986 4505 9766 218 20 3760 9113 556 3008 3769 2155
50 8172 8315 9498 9336 810 2693 3932 779 8277 2873 3346 1593 6752 2313 2161 4174 8593 8894 2062 359 5834 5118 8332 4074 5093 1667 1453 369 2475 1840 6396 6400 7476 4861 5087 7446 7420 2621 4810 543 349 6317 6339 4381 7100 8918 4268 1851 2267 2661
47 2870 4764 1595 5492 5511 5815 170 2048 1123 443 8991 1996 4566 7561 7660 5434 2955 5059 2100 9332 6449 1320 709 6601 805 213 5214 4434 8599 5001 9981 2839 1702 5034 6381 2831 7391 2421 8965 8802 5582 1543 2776 3138 9786 9296 3375
48 2223 2417 6001 1365 3383 9459 8464 5207 9268 5726 9831 8798 9395 1167 8005 3156 9737 2835 3110 4882 9871 1128 4423 8255 7035 7171 1488 8960 2200 8269 8056 9693 4876 7198 5089 9402 1529 8852 1527 7601 8749 9900 7731 937 6442 936 3422 9204
52 2584 6423 8039 9727 9820 1491 5156 69 1964 4655 2912 8178 5637 1735 2289 4229 6329 4997 392 8760 8878 7432 5441 3095 777 7258 9381 2837 6462 9564 5880 7829 4085 2690 7064 9085 495 827 9744 6733 3002 7480 1277 8542 634 2211 4702 5586 5859 9645 2956 1793
51 5254 2378 1599 6785 8870 4169 5942 40 6382 4249 4192 73 740 2129 5639 1354 468 323 8330 9654 3846 3147 855 3807 7962 4551 264 8860 9734 4570 9776 4812 599 4016 5179 4333 9775 3221 8252 4012 9523 4320 8567 1305 6169 8305 4998 4354 1345 4097 6413
49 4114 9890 7613 5846 8952 2876 5461 7151 2966 6242 7185 3091 2591 4089 3427 2207 4577 7462 7257 1825 2825 6763 225 4343 6345 2739 1664 2278 9011 4438 5631 3621 4894 7067 1332 6031 7736 9225 5155 7354 2667 9112 1939 1428 1615 637 8151 9860 8392
49 9141 3562 6671 3911 6959 702 6871 7279 4144 7180 949 7572 1689 9745 8349 7869 7374 1694 3670 5124 6585 8231 2235 5427 628 8601 7587 5577 7515 7499 8139 8158 8900 3718 1116 9226 6831 8430 8014 7987 826 7306 5560 4020 638 4981 951 1522 5991
48 6096 445 7205 1247 3899 3339 1100 9884 5520 1575 8681 4302 1750 3486 7960 9044 7703 4579 2590 1908 6813 2520 6728 5840 729 3889 1830 2193 6653 3204 5464 8420 8259 1806 4649 3395 2628 3624 2875 9602 8838 6103 7683 5936 5685 5372 1928 9015
50 3660 4473 6257 7494 3701 9930 7230 3139 678 4304 236 9055 2644 3528 150 4874 5935 8025 3742 7122 8191 3131 4547 8278 4986 6044 6228 7033 1382 9400 2108 7221 1346 5236 2319 3539 9401 935 7444 7092 3572 2340 7520 818 6490 3796 2959 8743 2969 9995
48 4891 9714 9328 3551 9257 8850 7309 4091 5129 6961 7295 6278 1441 2375 6036 9975 8263 4640 1679 363 2802 868 6224 8189 2900 6388 7532 8807 3180 5622 3574 8133 1240 4389 875 3732 3789 9265 542 4426 2884 1714 8146 4026 2881 4461 4502 2296
45 7320 1764 5944 7015 2836 1139 6936 9073 3009 2358 4252 8865 8442 9235 9133 9186 1797 8689 5578 5963 5347 5200 1261 3828 7363 3684 3458 7514 2975 2246 6307 5602 8767 154 1384 8557 2579 2553 5232 7125 7518 882 2273 5365 7315
48 5482 395 3025 9992 9747 6482 2140 60 3164 5318 6551 4394 3420 3745 3912 465 5297 4130 7195 2656 2066 8826 6508 861 4862 475 7615 3641 6518 3004 1581 8626 5078 8397 7786 4709 5762 1570 7197 2796 3842 717 8409 7261 3931 5970 2556 6173
46 3187 4616 1846 2241 89 3149 4917 1059 4834 7430 6554 6618 8285 2771 888 9314 400 2509 1889 6999 3127 2589 1352 2939 99 1457 6119 2692 1 1073 2700 7314 6140 7372 8405 7140 4121 735 3841 8535 4666 9679 4872 5375 2786 6279
48 4611 2636 9157 7574 7397 5031 3951 6563 7482 5229 1412 690 134 1944 4880 5802 925 6385 7336 9689 2826 2539 5905 249 9389 1936 6156 3137 9794 3927 9525 5773 9345 9597 3967 3809 1077 8275 6316 8739 4270 2812 2844 6921 5285 3404 1533 8932
44 9581 8267 2351 8971 5345 1822 6284 5117 785 1760 9467 365 2136 8793 8874 3320 6989 4127 76 8939 1056 7290 9299 6904 1713 8087 9471 8684 2726 1850 3900 4245 6855 6254 1297 4783 3948 6713 8708 1316 1263 1655 6513 9724
46 8598 3815 474 6931 2954 487 9052 5598 6677 4018 1293 5348 33 7296 5390 6160 4542 4489 6318 3515 7560 5417 8185 2551 4851 4213 254 7758 5394 8843 2174 7573 6043 6700 7686 7263 8126 5019 4468 7972 3459 5275 7741 5317 8548 1665
45 6507 7822 159 2874 9940 9632 7650 4391 4082 1236 9356 7988 2738 1707 7163 1121 7835 3362 5592 1069 1960 1280 9736 9763 57 5775 7673 297 9046 2229 7023 2112 9746 4939 3413 7665 9680 9977 8770 4271 426 5787 4058 1350 8096
46 5588 5370 4066 9791 7695 61 2459 7161 2323 2024 2138 1547 3079 5784 6979 4831 5100 7472 4782 9704 1303 7989 9464 7588 6006 1171 9232 9830 5295 2087 9929 5431 5164 1284 7434 317 2619 8632 6887 1580 2478 5569 1446 2291 5481 9782
48 5832 2414 8545 6597 5973 5898 9304 8261 7147 4393 5901 8970 964 1174 5084 1477 6690 7942 5533 8734 8801 3360 2354 1879 6892 5716 7310 9598 2821 7676 5651 4202 9016 8 7226 7057 1699 9176 5305 8648 6076 1281 7705 5466 4762 5712 2431 8879
49 6570 8407 8730 1364 2365 8797 7969 3866 9520 5797 5671 1521 1160 7227 2027 6328 3865 5119 3794 7706 7525 9750 7056 3303 6915 6544 1094 7102 6451 2466 2245 1013 1336 4868 608 3012 2932 4041 9610 2597 3424 5946 2533 8712 9947 3583 7852 9650 4419
44 701 8698 9248 5475 8565 1772 4710 571 1217 5619 43 2794 793 9126 3850 7727 4383 2262 6352 6721 4925 2759 153 2060 6968 830 6124 5150 4842 2596 5920 6023 1696 1663 4971 9691 9950 2454 1786 251 6783 7951 4643 3403
47 1826 6956 6770 3681 8017 7894 8906 1907 15 7016 8569 1898 6538 7405 6331 5045 7037 7776 2052 7213 5689 5579 1847 4813 4779 5718 7307 1456 2364 8414 9465 1286 6685 6870 9926 4849 8635 4449 9903 4366 4646 8110 3355 9164 7966 3970 1946
47 3592 3860 7487 9635 544 5553 8950 1608 3845 9241 9537 2301 9546 760 9437 4003 3215 7455 1749 8153 3058 2325 140 1459 7884 7696 3461 4258 1613 324 2521 7208 5605 8457 7535 1475 4427 3165 6239 2434 714 6784 3734 6303 5432 8387 4364
47 7674 9960 6152 3772 9646 2384 291 7625 309 9773 8756 385 996 3905 5821 2009 1233 8623 9089 686 4696 8666 4713 6873 245 3470 4240 6758 3602 9487 7225 807 5625 1357 3206 3613 4613 7490 3559 3848 6943 5110 516 5526 3345 9152 9841
44 4115 816 4797 1704 2205 7449 2506 6922 6822 1138 2770 8620 6361 8541 5838 3487 5121 360 7345 5770 2685 5691 6182 1873 6338 5652 5643 1376 6249 8563 9944 8580 4206 5892 8738 9631 8902 2991 7457 7521 47 8270 3106 3913
48 4182 1568 3169 8434 6294 9251 3259 2343 8549 7679 4183 1009 9380 2310 5878 4900 1692 9375 7767 7935 3310 8248 2743 4288 1552 3344 7795 6861 7437 6946 4404 5060 5463 8403 3342 2958 767 3673 6465 5686 7453 9208 6305 24 6496 870 7270 3555
48 3155 3265 839 6265 1014 4717 5263 2815 9761 791 6221 4387 6419 74 2318 5704 1680 7091 3273 3721 7589 6063 4743 2615 1726 9424 938 4700 5484 8333 9405 2128 9162 7783 4806 7 7254 3750 5437 1731 4721 4664 2731 6181 7856 2807 7537 9404
43 8078 5645 8339 5771 2000 1818 817 3696 9963 6500 5228 8718 3520 4348 5510 1301 9919 6705 9993 8335 6367 2014 580 693 7556 1616 3890 5692 1652 8331 1729 4781 9639 2471 3861 4296 5016 2885 9517 2749 4224 578 8514
41 8858 8579 7030 4766 2152 502 4436 9095 9590 3722 4722 4350 174 4341 9203 4679 83 1402 8035 4919 3806 6772 5114 3102 2290 8313 9626 6789 913 7814 4029 3053 614 3996 9953 1209 5344 8731 9573 966 8631
47 3491 8085 2090 1348 7475 9699 6889 3844 5226 721 5307 8050 1222 9182 1064 2303 8211 6860 4726 2513 4544 5998 3839 1962 7005 3054 4351 8942 9570 407 1763 5131 8827 4086 6589 3935 7904 6080 8388 5225 2115 6356 6532 9347 2716 6737 1738
46 2586 4634 8447 7402 8586 4 7986 4084 1604 4278 9394 7369 7316 7693 6277 7190 4684 4223 3817 778 6948 8371 6945 5581 4312 733 4496 2411 5640 5246 3822 4837 2490 3738 1949 1381 8075 8556 2751 7508 573 8682 3474 3305 4135 362
43 9180 3581 2607 4794 8903 6231 3518 5585 5360 1639 9599 2238 8423 9006 9254 1683 3743 2891 9218 9303 2404 1294 8348 9666 3287 775 5013 3293 3728 9846 5469 6880 6108 5792 7512 3352 2095 486 6360 7214 9094 3826 5284
48 3831 2563 1539 1424 8678 9075 928 3126 9754 158 1165 216 185 7840 6615 4025 4289 3774 1349 6918 7068 7958 1085 909 9261 5504 585 1054 7778 7912 1611 4305 1471 4439 6529 3564 7302 1953 6281 9905 9342 3111 6920 5809 6673 8978 2594 8265
45 3766 9696 9561 4543 5209 271 6168 9129 873 6464 590 1865 4524 3544 4110 3813 7503 4290 527 2998 9068 4602 8148 367 8051 3047 1906 2492 3056 923 1291 9911 3000 7669 7469 3990 4624 1546 7052 1470 3940 2942 1071 2380 6974
43 3709 5524 4433 9743 736 8829 7442 3405 9489 3242 6057 8911 8000 1810 7597 5856 3364 7267 8604 9490 6749 6483 6175 3067 3499 8226 6877 7103 326 6777 5697 9000 7749 6642 4173 963 695 8363 7807 843 2067 4512 6587
45 8786 625 3181 9366 3575 6402 2640 7543 2036 7086 8093 8737 6393 243 4500 6268 1226 9857 5083 7596 1126 1321 4218 5820 4276 623 2872 9617 6078 5205 5038 5799 7041 9026 3617 5576 9486 1112 5677 4407 7788 4735 9916 8744 7806
45 8424 3075 9288 9942 3579 7752 3264 9076 1462 4314 2106 9184 8488 8581 3770 7745 4929 2230 9526 2120 8821 8722 6272 8883 8871 9325 2219 4555 6343 7628 244 5616 9028 6070 206 9205 9508 6053 5538 9285 5633 8195 6633 8583 8470
46 5014 8246 1691 8170 5462 1809 5855 3992 4165 8046 7637 8494 3040 4315 6559 3678 4888 7284 1215 5292 8855 6701 5015 382 9326 5971 6111 6146 1351 5554 6232 9512 4142 727 5004 1018 8104 8940 8203 9025 5196 1385 6762 120 696 825
46 9168 9446 405 9584 8781 9732 5516 5182 1787 2359 2642 5446 4692 7981 194 2947 4691 9363 5413 3286 8976 8611 5894 9844 7739 1719 3674 4614 1537 6387 8571 9195 7403 7255 5684 1982 5217 5300 809 3727 7542 2572 9080 5591 2585 6598
45 8220 6227 23 3258 4808 6463 896 1124 4716 6280 9540 4015 435 4117 8042 2320 991 4564 2382 4402 1406 5800 1413 815 6607 955 7273 7570 1366 2402 8161 176 8212 2196 4620 4176 3688 1790 1594 8935 5559 3120 5789 3540 5007
46 8995 5160 9136 2890 7014 4802 6150 9484 8651 6007 320 6359 4251 9324 1193 9818 4243 8815 8844 1490 5993 231 2540 611 1736 904 354 1931 2420 9641 246 7504 2816 6536 5753 6801 3578 8929 983 4961 730 8218 491 8771 8240 9607
43 207 5030 3452 9695 4507 7982 8833 1562 3332 1487 5916 2744 9495 7483 204 7670 4665 8889 7009 1933 1796 7740 5330 7702 4669 5827 5627 414 9567 9928 3414 2898 6383 1605 7862 8456 9201 978 1266 1881 3148 6320 3080
41 9014 5147 7946 1807 2933 9219 2914 979 610 5670 6205 5760 4444 2415 7097 2909 1708 1206 2148 7247 1761 1892 3753 5746 4538 6403 5810 7563 7398 3397 9114 1455 7687 3447 1686 1347 3354 9894 9723 6542 3444
42 1141 3123 4474 498 6258 1417 9621 5574 6348 2053 8012 6112 1525 9660 8483 4652 3277 7928 1919 2390 3974 3568 8796 6998 7159 9893 8336 2684 8113 9897 7797 7497 8173 1687 7895 8302 9886 547 2448 7789 7174 3580
40 4466 2517 811 8143 2482 460 7742 7790 2677 3443 1344 901 848 6711 569 301 2780 1176 3449 1103 9453 3657 9050 5447 1654 1502 7285 6788 3365 4154 9086 1989 6899 5521 1237 7164 6203 390 1678 5551
42 2805 8299 2086 2442 3333 1926 1178 1961 9165 5857 8831 9439 499 6312 8476 1431 2011 2178 8616 5108 1621 3061 6433 7124 2387 7836 1632 9998 4475 2592 7095 5203 5145 8485 9637 6907 2866 6929 2329 2616 9829 4923
42 3423 7132 4246 1956 6890 6250 9286 2051 3036 3318 4486 7598 6971 4885 1307 6364 6856 9090 1630 8899 510 6665 376 3271 8713 6991 6807 7129 3473 7133 3089 5111 6081 1859 5319 9819 4108 3450 2093 6654 7726 8784
42 6950 3827 7720 256 5545 8717 9079 1890 8910 208 792 9989 9795 9851 4031 3908 9035 642 3416 5080 877 5075 1409 6438 3418 64 1231 8233 8947 9521 4225 4073 6290 296 312 1337 856 2709 240 9422 1184 7593
44 5919 1377 846 5334 8513 3560 3268 432 1448 3267 6267 4550 6162 7629 7135 7761 881 2153 9179 6143 4420 6450 5270 492 2224 8029 2379 3594 7510 2602 3751 6219 1463 786 7818 3676 1443 1718 3112 1957 5907 4680 4940 2213
42 6392 9814 90 6347 7871 3316 9385 3953 3764 294 4530 7691 2450 4938 1519 2646 718 2928 2913 9222 8334 1914 5104 3677 8982 8401 9999 7181 9706 9730 4686 3964 867 8881 3023 4999 5629 7119 2170 9687 7926 3038
36 8097 4830 9589 8927 6819 6032 8471 167 9121 3090 8463 4185 565 332 5096 7645 6882 5063 5048 1142 7018 3370 8614 3085 2453 4991 6132 9938 9840 8962 8393 4105 4479 9987 1473 4708
39 7937 7047 2496 8026 288 1278 2578 3266 5714 3479 541 5556 425 8783 8040 9548 9703 334 1698 9250 1401 1706 2949 193 6768 180 4860 9901 3475 1561 136 5363 6066 9004 4741 8779 7050 7900 2985
39 9488 8184 3496 5903 8503 5632 4622 555 4137 7278 5159 3675 8655 4262 4032 6582 529 9278 9334 1530 7681 3073 8996 5242 6724 7141 3773 9237 7646 7716 7945 1922 9305 9539 3706 2962 5870 3962 3633
37 4753 5233 766 446 3005 1863 9139 1994 8958 7872 9310 3724 6296 7268 8215 1292 5803 7157 539 1636 8175 7898 9674 4704 2321 9779 7582 3178 7565 1617 7224 8308 2250 2721 6153 5678 7362
39 7914 2648 8948 5213 7331 2479 2126 3881 456 8328 9762 2233 8728 7419 203 4443 6552 6213 1870 5132 3747 4177 958 1828 8319 8119 6678 9083 4731 1432 9062 9374 6751 2063 651 806 4600 9748 5635
38 8346 1492 9756 8120 4966 7528 629 813 8564 7866 1149 3654 8182 1083 6715 21 1000 7983 5137 1972 1885 210 7924 9276 583 6083 3945 347 8930 4920 8136 5932 3586 2427 2261 480 9474 1559
35 3363 4980 3628 4088 9492 5997 1597 5448 8726 3669 107 9808 3130 2558 1526 4375 9300 1249 5540 4146 4623 8034 4056 3973 3357 458 3593 4463 6602 9221 4746 860 4518 7850 2249
38 4322 862 4392 7496 8003 6983 1053 5860 81 319 7541 4194 9854 6666 7209 5647 7873 3174 2833 1170 8560 9712 8610 8288 8519 3884 6695 1803 8473 1324 118 146 9569 6289 8527 497 8959 824
37 746 7855 4878 2649 5669 4046 1390 6211 3731 6341 6437 6744 7916 8700 5384 5035 3484 1589 8605 1701 4943 8362 7779 2292 2488 3244 2650 4208 4234 3561 9503 7220 6293 3214 6052 9463 4881
35 4852 9688 8977 3099 2135 1644 9937 5058 3297 2021 1759 1120 4520 2924 9821 403 109 1146 4776 9122 4027 211 8396 2988 463 3768 410 423 6489 3374 7287 894 453 8060 9555
35 654 4501 8080 8875 9785 2186 2085 3680 9302 956 9461 685 3167 3398 8245 7282 1244 430 1507 9877 4955 3013 8321 4498 7710 2515 6095 5933 723 4485 2694 4631 2105 2999 9330
34 1965 1387 5908 7244 3373 8162 6304 7061 4377 7748 2039 3545 9760 7863 9228 5874 8650 3723 274 3939 514 5081 7365 1450 7762 6571 3296 1703 6342 9364 732 3208 3663 6810
35 9543 7566 7329 3201 8327 3177 593 4627 7299 4969 3489 8641 219 5189 8917 3298 115 3926 4371 8490 2187 9560 3068 6689 3222 5468 9801 3140 9245 3577 1978 3588 5215 7246 8360
33 1577 5388 7708 7183 1520 3612 2664 7408 3019 3151 8741 8876 4388 1218 2867 6954 6178 4215 664 86 2951 6953 5419 8156 4886 3597 5995 2784 2953 4490 940 2041 3472
35 9988 4671 8286 8778 2756 5999 8584 9825 9665 771 2322 1098 4163 8677 644 567 4930 1308 8422 8295 2043 6940 3193 5816 1624 1043 2871 1569 1078 9550 2987 7583 8810 3173 6830
32 2265 8592 429 1560 462 1264 2058 91 4472 3604 1549 5425 8877 648 5699 4179 799 3220 2970 2757 6376 8758 6964 7956 7940 5888 9379 9101 5009 1820 6184 869
32 1386 8961 5865 8052 6102 375 6049 466 1440 3243 9451 5975 1849 3494 9677 6018 5367 9959 8475 1567 4525 9553 6863 5335 1343 5902 1447 2491 4360 8895 3816 3530
32 1109 2766 1067 16 3442 6556 5693 3272 3299 5496 4641 8013 6574 5701 1044 7300 7948 7167 5594 7834 3253 8973 4670 2366 4013 3994 7048 6248 5294 9244 5729 9847
31 8709 5535 6754 8885 9384 9428 2057 6990 3934 8528 8238 9973 2629 4440 3284 4425 4546 5152 3108 5485 2663 9611 9432 7599 3115 6825 9063 2109 5359 2828 7435
29 5062 5837 8027 7516 2614 7232 684 8281 5925 6978 3777 3313 5501 8413 428 3609 1391 7889 4836 2022 3029 3966 1979 708 9514 3478 8606 1834 1010
28 2182 1751 1700 7575 7485 6731 8609 1657 6300 3785 1360 7906 933 1948 2204 7088 9716 903 3960 2344 7070 5623 469 783 2302 6077 2269 3979
28 5798 5326 4503 8324 3410 3744 1373 4828 2679 9267 4864 1096 3546 3191 259 5379 1392 418 834 9530 4405 1844 9663 6391 6858 3163 692 5918
29 2993 3704 8851 1442 3323 9719 5706 513 4205 6535 3069 8794 4178 2050 6976 5219 5606 5191 1057 6180 5493 7127 5444 776 3749 5873 9620 9069 7002
26 4662 8297 9811 5151 8701 9329 7777 743 1310 5222 7522 1557 6145 2977 9256 2549 6802 4054 884 3433 3566 5626 2356 6583 3045 4827
24 3209 4219 9454 2401 682 5596 1821 3018 6800 4990 5291 8115 3942 920 1673 5614 9896 4879 8086 1755 160 4155 3351 5609
24 280 1558 6912 5166 7878 7592 6740 1852 8147 6252 986 5230 4365 7626 1195 9758 7826 3933 5172 8160 8811 3729 7713 9452
21 3076 9190 2468 5739 6163 8055 9012 7059 683 1135 2869 2727 5252 3248 6604 9834 242 1900 9074 4584 5054
18 6543 1737 4005 2194 6675 7875 3315 6454 2686 3983 5539 756 8054 6193 2455 8382 4319 7618
17 1942 1429 3716 3192 3304 6069 4153 5818 1952 1856 6706 101 5825 7168 1478 9335 787
19 1831 6410 6876 5274 1555 1256 4435 3955 4081 5477 3740 6315 4595 7241 3924 6477 18 3687 4297
15 1512 4186 7144 1603 789 7409 1493 3368 8550 9140 4780 6734 725 195 8777
15 5968 2137 8840 2068 4374 39 9233 9252 2972 8608 1075 364 8229 3084 6251
15 3907 9994 59 4047 6773 8775 1866 6621 2047 4618 4513 3658 5449 3135 1728
14 9899 739 3608 7039 2887 8345 998 6079 595 2460 7366 1200 8576 3946
12 1600 8642 8358 3548 6448 2419 4103 3638 4987 4528 4326 121
10 3367 6236 4124 3146 2372 9262 1619 1251 9181 6832
10 6177 8274 7473 5327 8755 5443 302 8839 4308 2072
6 5400 7816 9092 1645 3569 6259
6 3702 8617 2370 9653 631 9275
7 7416 4784 5597 5694 3184 9875 2486
6 6516 5175 3563 3596 9316 148
4 1465 1389 7585 72
4 6113 2610 1033 6839
2 879 4786
2 8237 19
1 9790
1 1241
1 2168
1 2841
1 3391
1 9752
1 4629
0
0
0
0
0
0
0
0
0
0
0
0
0
0
0
0
0
0
0
0
0
0
0
0
0
0
0
0
0
0
0
0
0
0
0
0
0
0
0
0
0
0
0
0
0
0
0
0
0
0
0
0
0
0
0
0
0
0
0
0
0
0
0
0
0
0
0
0
0
0
0
0
0
0
0
0
0
0
0
0
0
0
0
0
0
0
0
0
0
0
0
0
0
0
0
0
0
0
0
0
0
0
0
0
0
0
0
0
0
0
0
0
0
0
0
0
0
0
0
0
0
0
0
0
0
0
0
0
0
0
0
0
0
0
0
0
0
0
0
0
0
0
0
0
0
0
0
0
0
0
0
0
0
0
0
0
0
0
0
0
0
0
0
0
0
0
0
0
0
0
