15 216 75 127 227 156 39 241 207 140 10 223 30 233 278 132
14 0 7 203 15 213 244 209 160 101 248 266 192 256 94
14 180 294 136 218 60 21 282 3 73 283 98 106 206 189
11 296 148 95 129 281 204 27 48 205 71 272
12 85 259 273 79 174 121 170 6 201 265 176 208
11 249 133 290 224 214 271 93 5 196 154 173
5 260 217 89 112 228
4 146 111 242 215
3 82 61 78
3 50 163 12
3 68 177 152
3 157 237 55
1 155
1 59
1 182
0
0
0
0
0
0
0
0
0
0
0
0
0
0
0
0
0
0
0
0
0
0
0
0
0
0
0
0
0
0
0
0
0
0
0
0
0
0
0
0
0
0
0
0
0
0
0
0
0
0
0
0
0
0
0
0
0
0
0
0
0
0
0
0
0
0
0
0
0
0
0
0
0
0
0
0
0
0
0
0
0
0
0
0
0
